1in0
5
print
1in1
50
qwertyuiopasdfghjklzxcvbnqazwsxedcrfvtgbyhnujmikol
1in2
26
abcdefghijklmnopqrstuvwxyz
1in3
10
akram thop
1in4
15
qwertyuiopzxcvb
2in0
5
85 96 34 23 92
2in1
500
441 428 273 102 293 343 439 20 415 109 249 245 293 489 171 359 196 253 410 221 16 392 229 158 257 94 244 288 121 455 81 368 43 191 412 468 89 43 120 186 107 404 303 454 85 391 358 299 52 316 436 199 122 334 208 372 168 4 278 23 470 93 226 38 407 62 61 47 130 314 311 471 307 101 427 210 122 9 36 395 392 226 486 151 329 367 463 438 253 53 179 381 146 491 406 497 114 98 166 155 488 422 206 483 476 458 193 168 40 474 149 153 92 374 88 340 463 440 397 322 449 490 401 100 289 145 251 90 433 60 343 219 300 370 400 497 20 451 389 37 335 294 146 36 234 156 229 376 337 352 419 444 465 276 263 292 114 168 99 172 0 122 15 411 466 368 259 14 493 166 466 488 469 282 348 382 243 200 124 317 24 220 259 190 467 416 188 379 436 112 74 248 365 205 287 318 482 293 326 390 125 8 34 494 10 110 317 472 78 235 130 409 231 168 18 285 86 118 68 46 97 392 449 67 118 223 361 67 76 295 139 57 361 171 32 224 234 306 398 255 104 472 466 33 110 465 307 41 135 26 223 312 136 216 480 231 482 153 312 182 23 349 121 386 479 217 396 132 312 214 234 105 460 482 262 215 192 349 216 350 480 270 86 369 143 434 288 376 298 395 81 457 233 197 454 271 241 398 498 55 82 451 231 370 286 315 264 188 147 247 306 202 296 146 221 115 100 310 410 63 343 277 144 440 367 318 342 191 355 372 141 275 41 467 36 157 366 95 48 163 437 185 398 173 367 429 215 237 385 314 479 167 57 265 125 109 309 404 119 191 430 430 165 281 249 341 420 169 28 195 241 121 201 47 441 432 181 363 0 462 273 40 196 167 447 341 489 11 347 264 411 375 33 400 232 327 159 428 353 37 172 31 329 237 125 390 417 163 274 333 386 306 98 495 250 266 317 396 4 384 2 497 35 299 367 183 438 31 404 452 95 11 181 57 462 460 209 38 195 200 260 75 105 235 88 257 157 142 428 7 238 190 11 265 134 349 196 300 211 84 220 309 218 492 149 418 72 270 362 437 490 16 273 92 358 316 156 242 406 354 5 281 348 284 230 275 424 450 249 494 421 383 262 27 443 64 399 340 119 88
2in2
1000
349 78 237 302 925 800 461 4 875 99 635 746 313 261 81 296 854 995 699 11 397 670 323 279 141 450 582 334 644 50 363 776 862 128 689 471 737 386 54 706 123 419 871 106 28 807 559 210 677 639 365 801 473 788 746 334 221 28 998 258 885 579 920 368 833 58 72 68 561 991 206 303 792 821 421 679 808 727 49 659 89 571 755 321 80 681 43 286 352 738 344 885 7 660 193 840 185 373 130 810 266 750 397 80 480 555 342 330 266 700 260 752 526 210 18 832 120 379 326 928 894 477 462 619 377 694 474 310 48 576 544 435 919 939 252 81 396 319 889 732 781 625 560 30 707 431 993 183 676 386 566 651 484 958 176 76 832 31 367 662 291 231 440 804 999 81 700 899 993 198 333 34 223 956 530 559 564 52 820 754 327 48 892 243 693 392 748 876 262 624 754 523 853 325 164 198 329 144 348 573 875 574 625 719 349 247 985 105 607 908 541 520 478 429 279 985 593 368 469 408 850 711 774 527 128 692 630 328 229 836 192 304 219 31 52 227 606 178 430 95 983 172 47 545 441 4 659 364 187 745 733 851 34 768 985 105 583 735 74 496 706 524 165 925 129 448 813 67 57 505 457 685 573 585 204 424 620 36 764 626 474 985 411 764 401 214 49 552 962 888 338 919 855 301 721 289 692 652 951 410 150 7 916 140 690 858 180 833 386 622 848 262 299 833 558 476 435 8 356 772 116 262 117 123 973 450 826 555 612 856 487 471 229 679 244 838 124 482 552 314 524 886 510 172 147 50 575 687 222 179 403 747 873 277 217 599 514 716 943 69 954 619 857 860 405 996 324 97 189 569 202 197 982 854 822 935 533 326 834 963 309 158 898 224 415 772 186 340 193 3 233 575 37 39 872 596 0 249 354 542 220 728 708 136 736 73 321 349 774 264 437 953 624 849 490 89 600 553 690 60 376 781 245 809 840 210 104 261 171 916 94 983 805 990 715 248 730 564 617 278 371 188 966 332 337 915 878 261 732 380 193 127 345 324 74 346 133 339 57 604 569 882 213 880 794 911 256 396 930 738 230 188 876 311 834 567 299 451 961 451 938 506 522 319 236 667 283 482 999 502 724 323 78 374 525 663 817 773 222 814 859 573 664 556 415 466 725 182 525 59 56 515 322 942 828 55 750 550 799 95 295 497 972 893 928 357 778 953 252 18 294 765 659 867 719 845 315 689 272 407 502 146 569 576 878 505 81 42 723 568 88 508 98 971 192 665 583 265 186 510 403 470 977 466 553 666 999 488 996 976 944 534 881 303 190 855 868 559 788 239 445 567 673 506 160 41 617 112 310 24 2 600 936 578 501 812 843 430 795 801 426 616 953 484 705 907 849 114 706 802 798 624 881 962 341 345 881 840 660 645 594 17 522 534 810 635 163 900 897 807 743 877 866 274 471 815 332 428 284 171 363 520 205 879 632 708 209 391 212 285 78 800 916 731 718 76 569 474 364 592 754 353 599 81 728 127 710 927 7 503 525 843 683 23 95 912 277 739 605 965 752 480 822 802 535 100 432 453 62 937 823 832 296 941 42 775 934 793 174 670 479 742 719 297 699 398 975 389 590 57 408 735 991 757 55 557 893 322 128 596 883 788 795 80 676 306 217 572 285 206 74 273 22 334 927 778 456 351 116 625 435 504 440 694 137 555 499 18 835 618 275 968 105 390 978 49 34 415 689 958 818 15 762 224 992 144 51 604 813 656 922 32 476 176 803 177 438 990 203 911 623 995 754 907 207 780 801 384 362 483 615 499 300 834 344 586 469 311 794 662 253 7 287 605 932 595 775 577 17 874 609 761 826 999 664 54 75 815 901 105 37 757 699 104 561 358 432 548 154 184 160 962 858 859 380 719 566 230 484 468 396 606 62 613 305 224 147 271 102 693 578 368 395 80 390 738 970 807 268 211 405 455 776 525 900 62 173 46 428 425 845 222 234 253 317 989 938 868 414 324 418 6 810 33 725 770 836 808 158 57 109 260 483 341 732 600 320 1 685 258 985 118 580 809 444 192 201 140 879 248 716 420 437 106 637 92 306 734 331 228 847 955 205 129 845 341 137 741 562 316 738 35 964 711 690 998 921 238 530 479 336 224 355 312 671 532 701 774 359 766 54 123 410 435 317 554 163 320 542 400 373 549 221 539 436 815 375 783 996 301 978 606 299 922 130 630 586 615 412 302 905 532 272 239 376 147 284 129 12 688 441 259 94 939 312 349 337 230 948 180
2in3
100
782 422 690 718 512 589 229 430 968 793 65 168 862 923 291 681 627 211 990 430 592 845 259 829 470 599 384 962 331 143 464 899 419 746 149 39 789 201 400 428 482 126 429 580 367 375 401 800 99 68 710 487 865 488 52 87 47 744 820 744 893 140 468 479 743 869 753 446 179 79 27 528 535 742 765 397 986 400 815 37 189 421 784 659 153 457 697 240 545 268 612 942 876 583 438 859 675 157 668 886
2in4
250
772 317 987 530 865 287 363 12 374 942 156 167 160 833 626 307 683 609 993 988 384 840 464 644 131 788 145 752 47 157 299 397 883 921 813 736 518 383 358 521 180 373 531 502 593 427 170 335 591 263 101 839 448 63 960 23 975 472 337 717 134 110 255 89 979 859 935 746 472 79 361 108 761 894 677 501 129 125 965 300 634 565 6 82 255 423 301 689 950 357 774 35 446 321 1000 512 531 458 521 537 498 354 743 274 458 189 447 186 819 211 306 487 516 54 843 326 45 504 106 713 319 505 546 160 254 498 676 744 285 759 854 414 867 153 980 20 839 279 686 191 371 266 589 397 900 661 221 590 1000 291 740 135 411 423 559 339 432 969 241 109 270 722 229 260 141 90 858 791 59 629 423 329 646 617 982 420 980 424 112 708 355 976 356 69 333 882 853 477 582 877 325 623 691 63 338 587 851 54 733 204 816 253 679 482 687 903 468 938 486 257 780 736 742 580 758 819 913 610 550 387 149 622 160 511 575 410 821 592 899 884 188 955 210 389 902 368 338 335 998 169 669 812 258 735 59 647 456 766 910 0
3in0
5
2 2
3in1
14
2 7
3in2
90
50 34
3in3
16235
257 10852
3in4
100000
1523 9563
4in0
4
race
care
4in1
6
abcbe
ebbca
4in2
20
asdfghjklasdfghjklop
oasdfghlkjpasdfghjkl
4in3
30
qwertyuiopasdfghjklzxcvbnmhsyk
qazwsxedcrfvtgbyhnujmikolpajdu
4in4
6
pqowei
alskdj
5in0
babbadab
a
5in1
adfadsabyyabganjayganjrtay
a
5in2
vfavahavayajgajgajgajbjagjh
a
5in3
bhbuibhikhbhibhihbihbihbhybgbc
b
5in4
1521318413161813155
1
6in0
2
abbabbabb ababa
6in1
4
woooooooowoooooooo dabjbkadajbjbsjdjd rbrbrbrbrbrbrbrbrbrbrcrbrbrbrbrbrbrbrbrbrbrc qwertyuasdfghbbjksdbkjshuybsdilv
6in2
1
jskdhfyudbfkjhdufysbdkjfhkycjnwjkbhwjhnkudfhldiuhujhvjkebeckjnfjiegvbkr
6in3
10
123456789123456789 1204501204508 9638527410. asdfghjklkjhgfdsadfghj asdfghjklasdfghjklasdfghjkl tgbyhntgbyhntgbyhn qwertyqwertyuqwerty qweqweqweqweqwe qasderfewasdfghdsrtyy cyhwsydasjkhgsytfbwsvcf
6in4
3
adadaadada aaaaaaaaaaaaaaa zxzzzzxzzz